0
0.067
0.134
0.2
0.267
0.334
0.4
0.467
0.534
0.6
0.667
0.734
0.8
0.867
0.934
1
1.067
1.134
1.2
1.267
1.334
1.4
#
-0.001162266
0
0.008135859
0.016271718
0.031381171
0.046490623
0.075547263
0.105766168
0.13947187
0.180151165
0.226641789
0.285917333
0.340543816
0.409117485
0.476528889
0.552076152
0.636921539
0.726415989
0.821721767
0.921676607
1.021631447
1.129722146
##
0
0.067
0.133
0.2
0.267
0.333
0.4
0.467
0.533
0.6
0.667
0.733
0.8
0.867
0.933
1
1.067
1.133
1.2
1.267
1.333
1.4
#
0
0.003486797
0.013947187
0.022083046
0.044166092
0.068573669
0.095305778
0.132498276
0.16852851
0.212694602
0.266158818
0.31846077
0.383547642
0.450959046
0.52883084
0.606702634
0.696197084
0.782204737
0.875185984
0.982114417
1.085556054
1.192484488
##
0
0.067
0.133
0.2
0.267
0.333
0.4
0.467
0.533
0.6
0.667
0.733
0.8
0.867
0.933
1
1.067
1.133
1.2
1.267
1.333
1.4
#
-0.002324066
4.65E-07
0.004649527
0.015109917
0.030219369
0.052302414
0.079034521
0.111577956
0.140634594
0.187125215
0.233615836
0.285917785
0.342868796
0.411442463
0.480016129
0.559050185
0.6462201
0.733390014
0.827533522
0.929812889
1.027443194
1.137858419
##
0
0.067
0.133
0.2
0.267
0.333
0.4
0.467
0.533
0.6
0.667
0.733
0.8
0.867
0.933
1
1.067
1.133
1.2
1.267
1.333
1.4
#
0.002324996
0.004649527
0.01162312
0.02208351
0.034868431
0.054626945
0.081359052
0.11041569
0.145283656
0.191774277
0.237102633
0.285917785
0.345193327
0.411442463
0.483502925
0.559050185
0.643895569
0.732227749
0.825208991
0.926326092
1.029767725
1.135533888
##
0
0.066
0.133
0.2
0.266
0.333
0.4
0.466
0.533
0.6
0.666
0.733
0.8
0.866
0.933
1
1.066
1.133
1.2
1.266
1.333
1.4
#
0.001162651
0.006973977
0.012785303
0.018596629
0.037192873
0.055789116
0.086008012
0.115064642
0.152257129
0.202234532
0.245238345
0.298702545
0.360302601
0.427713983
0.499774426
0.572997134
0.657842494
0.748499181
0.841480397
0.942597471
1.044876809
1.150642943