0
0.067
0.134
0.2
0.267
0.334
0.4
0.467
0.534
0.6
0.667
0.734
0.8
0.867
0.934
1
1.067
1.134
1.2
1.267
1.334
1.4
#
-0.001162266
-0.001162266
-0.001162266
-0.002324531
-0.005811328
-0.01046039
-0.016271718
-0.022083046
-0.02905664
-0.037192499
-0.051139686
-0.06043781
-0.070898201
-0.087169919
-0.104603902
-0.118551089
-0.137147339
-0.156905854
-0.174339837
-0.196422883
-0.215019133
-0.240588976
##
0
0.067
0.133
0.2
0.267
0.333
0.4
0.467
0.533
0.6
0.667
0.733
0.8
0.867
0.933
1
1.067
1.133
1.2
1.267
1.333
1.4
#
-0.002324531
-0.002324531
-0.002324531
-0.004649062
-0.009298125
-0.013947187
-0.02092078
-0.025569843
-0.034867967
-0.041841561
-0.056951014
-0.066249138
-0.080196325
-0.097630309
-0.115064293
-0.127849214
-0.147607729
-0.170853041
-0.182475696
-0.202234211
-0.22896632
-0.255698428
##
0
0.067
0.133
0.2
0.267
0.333
0.4
0.467
0.533
0.6
0.667
0.733
0.8
0.867
0.933
1
1.067
1.133
1.2
1.267
1.333
1.4
#
6.32E-07
0.001162898
0.001162898
-0.001161633
-0.005810695
-0.010459757
-0.016271085
-0.022082413
-0.02789374
-0.040678661
-0.053463582
-0.060437175
-0.069735299
-0.087169282
-0.105765531
-0.122037248
-0.135984435
-0.153418418
-0.174339197
-0.197584508
-0.213856225
-0.240588332
##
0
0.067
0.133
0.2
0.267
0.333
0.4
0.467
0.533
0.6
0.667
0.733
0.8
0.867
0.933
1
1.067
1.133
1.2
1.267
1.333
1.4
#
6.32E-07
6.32E-07
6.32E-07
-0.002323899
-0.003486164
-0.010459757
-0.015108819
-0.020920147
-0.02789374
-0.03835413
-0.053463582
-0.056950379
-0.073222096
-0.089493813
-0.106927796
-0.118550452
-0.132497638
-0.154580683
-0.173176932
-0.195259977
-0.217343022
-0.23593927
##
0
0.066
0.133
0.2
0.266
0.333
0.4
0.466
0.533
0.6
0.666
0.733
0.8
0.866
0.933
1
1.066
1.133
1.2
1.266
1.333
1.4
#
-0.002323473
-2.32E-03
-0.003485738
-0.004648003
-0.008134799
-0.011621594
-0.016270655
-0.023244247
-0.031380103
-0.043002755
-0.052300877
-0.061598998
-0.075546181
-0.089493363
-0.101116016
-0.120874524
-0.138308502
-0.160391541
-0.177825519
-0.199908558
-0.218504802
-0.240587841