0
0.167
0.333
0.5
0.667
0.833
1
1.167
1.333
1.5
1.667
1.833
2
2.167
2.333
2.5
2.667
2.833
3
3.167
3.333
3.5
3.667
3.833
4
4.167
4.333
4.5
4.667
4.833
5
5.167
5.333
5.5
5.667
5.833
6
6.167
6.267
#
0
0.002394973
0.005987432
0.011974863
0.020357268
0.029937158
0.043109508
0.056281857
0.06825672
0.089811474
0.107773769
0.128131037
0.150883277
0.177227976
0.204770161
0.233509833
0.262249505
0.295779122
0.329308739
0.366430815
0.401157919
0.440674967
0.480192016
0.522104037
0.566411031
0.610718025
0.653827533
0.7005295
0.747231466
0.793933433
0.839437913
0.888534853
0.936434306
0.981938786
1.031035725
1.077737692
1.125637145
1.173536598
1.203473756
##
0
0.167
0.333
0.5
0.667
0.833
1
1.167
1.333
1.5
1.667
1.833
2
2.167
2.333
2.5
2.667
2.833
3
3.167
3.333
3.5
3.667
3.833
4
4.167
4.333
4.5
4.667
4.833
5
5.167
5.333
5.5
5.667
5.833
6
6.167
6.333
#
-0.001197113
0.001197853
0.004790304
0.010777721
0.016765138
0.025147522
0.035924873
0.04909719
0.063466991
0.076639309
0.096996527
0.114958779
0.14010593
0.162858115
0.189202751
0.217942353
0.245484472
0.275421557
0.310148576
0.343678112
0.378405131
0.416724601
0.456241554
0.49695599
0.537670427
0.583174797
0.625086716
0.67178857
0.716095457
0.765192277
0.80830168
0.855003534
0.905297837
0.951999691
0.999899028
1.046600881
1.093302735
1.138807105
1.187903925
##
0
0.167
0.334
0.5
0.667
0.834
1
1.167
1.334
1.5
1.667
1.834
2
2.167
2.334
2.5
2.667
2.834
3
3.167
3.334
3.5
3.667
3.834
4
4.167
4.334
4.5
4.667
4.834
5
5.167
5.334
5.5
5.667
5.834
6
6.167
6.334
6.5
#
3.70E-07
0.001197849
0.005987766
0.01437012
0.020357516
0.033529788
0.0443071
0.056281893
0.071849122
0.088613831
0.107773498
0.128130645
0.148487791
0.173634854
0.199979397
0.223928981
0.25506344
0.283802941
0.317332359
0.34607186
0.381996236
0.414328174
0.453844988
0.492164322
0.534076094
0.57119795
0.613109722
0.656218973
0.699328224
0.742437476
0.783151769
0.829853457
0.872962709
0.91607196
0.96157617
1.004685421
1.048992152
1.090903924
1.134013175
1.173529989
##
0
0.167
0.334
0.5
0.667
0.834
1
1.167
1.334
1.5
1.667
1.834
2
2.167
2.334
2.5
2.667
2.834
3
3.167
3.334
3.5
3.667
3.834
4
4.167
4.334
4.5
4.667
4.834
5
5.167
5.334
5.5
5.667
5.834
6
6.167
6.334
#
3.70E-07
0.001197849
0.003592808
0.008382724
0.01437012
0.023949954
0.037122225
0.049097017
0.064664247
0.081428956
0.100588623
0.120945769
0.141302916
0.166449979
0.192794522
0.220336543
0.250273523
0.280210503
0.313739921
0.348466818
0.383193715
0.421513049
0.461029863
0.501744156
0.543655928
0.583172742
0.623887035
0.670588723
0.714895454
0.761597143
0.809496311
0.856198
0.90050473
0.948403899
0.996303067
1.040609797
1.087311486
1.131618217
1.178319905
##
0
0.167
0.334
0.5
0.667
0.834
1
1.167
1.334
1.5
1.667
1.834
2
2.167
2.334
2.5
2.667
2.834
3
3.167
3.334
3.5
3.667
3.834
4
4.167
4.334
4.5
4.667
4.834
5
5.167
5.334
5.5
5.667
5.834
6
6.167
6.334
#
-0.003592068
3.70E-07
0.002395328
0.008382724
0.017962558
0.026344912
0.035924746
0.050294496
0.064664247
0.080231477
0.100588623
0.122143249
0.144895354
0.168844938
0.19518948
0.222731502
0.252668482
0.282605462
0.316134879
0.349664297
0.385588673
0.425105487
0.464622301
0.505336594
0.546050886
0.586765179
0.633466868
0.674181161
0.718487892
0.76638706
0.813088749
0.859790438
0.906492126
0.953193815
0.999895504
1.045399714
1.094496361
1.14119805
1.184307301