0
0.167
0.333
0.5
0.667
0.833
1
1.167
1.333
1.5
1.667
1.833
2
2.167
2.333
2.5
2.667
2.833
3
3.167
3.333
3.5
3.667
3.833
4
4.167
4.333
4.5
4.667
4.833
5
5.167
5.333
5.5
5.667
5.833
6
6.167
6.267
#
0
0
0
0
0
0
0
-0.001197486
-0.001197486
-0.001197486
-0.001197486
-0.001197486
-0.001197486
-0.001197486
-0.004789945
-0.005987432
-0.008382404
-0.008382404
-0.008382404
-0.007184918
-0.010777377
-0.011974863
-0.01317235
-0.014369836
-0.015567322
-0.016764809
-0.019159781
-0.019159781
-0.019159781
-0.020357268
-0.021554754
-0.02275224
-0.023949726
-0.023949726
-0.026344699
-0.025147213
-0.025147213
-0.026344699
-0.026344699
##
0
0.167
0.333
0.5
0.667
0.833
1
1.167
1.333
1.5
1.667
1.833
2
2.167
2.333
2.5
2.667
2.833
3
3.167
3.333
3.5
3.667
3.833
4
4.167
4.333
4.5
4.667
4.833
5
5.167
5.333
5.5
5.667
5.833
6
6.167
6.333
#
-1.56E-07
-1.56E-07
-1.56E-07
-1.56E-07
-1.56E-07
-0.001197639
-0.001197639
-0.001197639
-1.56E-07
-0.002395123
-0.003592606
-0.003592606
-0.004790089
-0.004790089
-0.004790089
-0.005987573
-0.005987573
-0.00838254
-0.00838254
-0.009580023
-0.01197499
-0.01197499
-0.014369957
-0.01556744
-0.016764924
-0.016764924
-0.017962407
-0.017962407
-0.020357374
-0.022752341
-0.021554857
-0.022752341
-0.023949824
-0.023949824
-0.026344791
-0.025147308
-0.025147308
-0.025147308
-0.025147308
##
0
0.167
0.334
0.5
0.667
0.834
1
1.167
1.334
1.5
1.667
1.834
2
2.167
2.334
2.5
2.667
2.834
3
3.167
3.334
3.5
3.667
3.834
4
4.167
4.334
4.5
4.667
4.834
5
5.167
5.334
5.5
5.667
5.834
6
6.167
6.334
6.5
#
-1.56E-07
-1.56E-07
-1.56E-07
-1.56E-07
-0.001197635
-1.56E-07
-1.56E-07
-0.002395114
-1.56E-07
-0.001197635
-0.001197635
-0.002395114
-0.002395114
-0.004790072
-0.004790072
-0.005987552
-0.00838251
-0.009579989
-0.010777468
-0.010777468
-0.010777468
-0.013172427
-0.013172427
-0.015567385
-0.015567385
-0.016764865
-0.016764865
-0.016764865
-0.019159823
-0.019159823
-0.020357302
-0.020357302
-0.021554781
-0.021554781
-0.02394974
-0.02394974
-0.02394974
-0.025147219
-0.025147219
-0.02394974
##
0
0.167
0.334
0.5
0.667
0.834
1
1.167
1.334
1.5
1.667
1.834
2
2.167
2.334
2.5
2.667
2.834
3
3.167
3.334
3.5
3.667
3.834
4
4.167
4.334
4.5
4.667
4.834
5
5.167
5.334
5.5
5.667
5.834
6
6.167
6.334
#
-1.56E-07
-1.56E-07
-1.56E-07
-0.001197635
-1.56E-07
-1.56E-07
-0.001197635
-0.001197635
-0.001197635
-0.003592593
-0.003592593
-0.003592593
-0.003592593
-0.005987552
-0.004790072
-0.005987552
-0.007185031
-0.00838251
-0.009579989
-0.011974948
-0.011974948
-0.013172427
-0.014369906
-0.015567385
-0.016764865
-0.017962344
-0.017962344
-0.019159823
-0.021554781
-0.020357302
-0.021554781
-0.021554781
-0.02394974
-0.02394974
-0.027542177
-0.02394974
-0.025147219
-0.025147219
-0.027542177
##
0
0.167
0.334
0.5
0.667
0.834
1
1.167
1.334
1.5
1.667
1.834
2
2.167
2.334
2.5
2.667
2.834
3
3.167
3.334
3.5
3.667
3.834
4
4.167
4.334
4.5
4.667
4.834
5
5.167
5.334
5.5
5.667
5.834
6
6.167
6.334
#
-1.56E-07
-1.56E-07
-1.56E-07
-1.56E-07
-1.56E-07
-0.001197635
-1.56E-07
-1.56E-07
-0.001197635
-0.001197635
-0.003592593
-0.003592593
-0.003592593
-0.004790072
-0.004790072
-0.007185031
-0.007185031
-0.009579989
-0.010777468
-0.011974948
-0.011974948
-0.014369906
-0.014369906
-0.015567385
-0.016764865
-0.016764865
-0.017962344
-0.019159823
-0.019159823
-0.021554781
-0.02394974
-0.022752261
-0.022752261
-0.025147219
-0.025147219
-0.025147219
-0.026344698
-0.025147219
-0.028739657