0
0.166
0.333
0.5
0.666
0.833
1
1.166
1.333
1.5
1.666
1.833
2
2.166
2.333
2.5
2.666
2.833
3
3.166
3.333
3.5
3.666
3.833
4
4.166
4.333
4.5
4.666
#
0
0.002408501
0.004817003
0.012042507
0.022880763
0.037331771
0.052987029
0.074663541
0.098748554
0.12644632
0.156552586
0.191475855
0.226399124
0.266139396
0.30949242
0.356458196
0.407036724
0.458819502
0.516623534
0.574427566
0.6370486
0.704486637
0.765903421
0.834545709
0.903187997
0.973034535
1.044085324
1.117544614
1.188595403
##
0
0.166
0.333
0.5
0.666
0.833
1
1.166
1.333
1.5
1.666
1.833
2
2.166
2.333
2.5
2.666
2.833
3
3.166
3.333
3.5
3.666
3.833
4
4.166
4.333
4.5
#
-0.002408501
-0.001204251
0.007225504
0.014451008
0.026493515
0.044557274
0.061416784
0.085501797
0.10838256
0.139693077
0.169799343
0.204722613
0.246871386
0.287815908
0.335985935
0.380543209
0.433530238
0.488925769
0.549138302
0.611759336
0.674380371
0.740614157
0.808052194
0.879102983
0.948949522
1.023613063
1.097072353
1.170531643
##
0
0.167
0.333
0.5
0.667
0.833
1
1.167
1.333
1.5
1.667
1.833
2
2.167
2.333
2.5
2.667
2.833
3
3.167
3.333
3.5
3.667
3.833
4
4.167
4.333
4.5
#
0.001204251
0.003612752
0.007225504
0.01806376
0.028902016
0.045761525
0.063825285
0.085501797
0.10958681
0.139693077
0.171003594
0.205926863
0.244462884
0.282998906
0.328760431
0.376930457
0.427508985
0.481700265
0.538300046
0.59971683
0.659929363
0.7273674
0.792396936
0.864651975
0.930885762
1.001936551
1.079008593
1.151263633
##
0
0.166
0.333
0.5
0.666
0.833
1
1.166
1.333
1.5
1.666
1.833
2
2.166
2.333
2.5
2.666
2.833
3
3.166
3.333
3.5
3.666
3.833
4
4.166
4.333
4.5
#
0.006021253
0.007225504
0.010838256
0.024085013
0.034923269
0.051782778
0.069846538
0.09152305
0.118016565
0.146918581
0.179433349
0.215560868
0.25530114
0.296245663
0.344415689
0.392585716
0.443164244
0.499764025
0.558772307
0.622597592
0.684014376
0.749043912
0.81889045
0.887532738
0.959787778
1.033247068
1.107910609
1.18257415
##
0
0.167
0.333
0.5
0.667
0.833
1
1.167
1.333
1.5
1.667
1.833
2
2.167
2.333
2.5
2.667
2.833
3
3.167
3.333
3.5
3.667
3.833
4
4.167
4.333
4.5
4.667
#
0.001204251
0.004817003
0.012042507
0.020472261
0.032514768
0.050578528
0.069846538
0.09152305
0.118016565
0.144510079
0.179433349
0.214356618
0.251688388
0.296245663
0.340802937
0.386564463
0.43593874
0.492538521
0.546729801
0.606942334
0.668359117
0.732184403
0.802030941
0.864651975
0.934498514
1.004345052
1.075395841
1.148855132
1.219905921