0
0.166
0.333
0.5
0.666
0.833
1
1.166
1.333
1.5
1.666
1.833
2
2.166
2.333
2.5
2.666
2.833
3
3.166
3.333
3.5
3.666
3.833
4
4.166
4.333
4.5
4.666
#
0
0
0
0
0
0
-0.001204251
-0.002408501
-0.001204251
-0.003612752
-0.004817003
-0.006021253
-0.008429755
-0.008429755
-0.012042507
-0.013246757
-0.015655259
-0.01806376
-0.01806376
-0.021676512
-0.022880763
-0.025289264
-0.027697765
-0.028902016
-0.028902016
-0.032514768
-0.033719019
-0.034923269
-0.034923269
##
0
0.166
0.333
0.5
0.666
0.833
1
1.166
1.333
1.5
1.666
1.833
2
2.166
2.333
2.5
2.666
2.833
3
3.166
3.333
3.5
3.666
3.833
4
4.166
4.333
4.5
#
0.001204251
0.001204251
0
-0.001204251
-0.001204251
-0.002408501
-0.001204251
-0.003612752
-0.003612752
-0.008429755
-0.007225504
-0.010838256
-0.010838256
-0.013246757
-0.014451008
-0.015655259
-0.019268011
-0.019268011
-0.019268011
-0.022880763
-0.022880763
-0.025289264
-0.027697765
-0.031310517
-0.031310517
-0.032514768
-0.034923269
-0.037331771
##
0
0.167
0.333
0.5
0.667
0.833
1
1.167
1.333
1.5
1.667
1.833
2
2.167
2.333
2.5
2.667
2.833
3
3.167
3.333
3.5
3.667
3.833
4
4.167
4.333
4.5
#
0.00E+00
0
0
0
0
0
-0.002408501
-0.001204251
-0.002408501
-0.006021253
-0.007225504
-0.007225504
-0.008429755
-0.009634005
-0.012042507
-0.014451008
-0.019268011
-0.019268011
-0.01806376
-0.020472261
-0.024085013
-0.024085013
-0.025289264
-0.030106267
-0.030106267
-0.033719019
-0.033719019
-0.033719019
##
0
0.166
0.333
0.5
0.666
0.833
1
1.166
1.333
1.5
1.666
1.833
2
2.166
2.333
2.5
2.666
2.833
3
3.166
3.333
3.5
3.666
3.833
4
4.166
4.333
4.5
#
1.20E-03
0.001204251
0
-0.001204251
-0.001204251
-0.001204251
-0.001204251
-0.002408501
-0.002408501
-0.003612752
-0.004817003
-0.007225504
-0.010838256
-0.010838256
-0.013246757
-0.015655259
-0.016859509
-0.01806376
-0.020472261
-0.021676512
-0.022880763
-0.025289264
-0.027697765
-0.030106267
-0.031310517
-0.032514768
-0.034923269
-0.03612752
##
0
0.167
0.333
0.5
0.667
0.833
1
1.167
1.333
1.5
1.667
1.833
2
2.167
2.333
2.5
2.667
2.833
3
3.167
3.333
3.5
3.667
3.833
4
4.167
4.333
4.5
4.667
#
0
0.00E+00
0
0
-0.002408501
-0.002408501
-0.001204251
-0.002408501
-0.002408501
-0.003612752
-0.006021253
-0.007225504
-0.009634005
-0.012042507
-0.016859509
-0.014451008
-0.01806376
-0.020472261
-0.020472261
-0.021676512
-0.026493515
-0.026493515
-0.025289264
-0.028902016
-0.031310517
-0.030106267
-0.034923269
-0.037331771
-0.03612752