0
0.167
0.334
0.5
0.667
0.834
1
1.167
1.334
1.5
1.667
1.834
2
2.167
2.334
2.5
2.667
2.834
3
3.167
3.334
3.5
3.667
3.834
4
#
0
0
0
-0.001190075
-0.001190075
-0.001190075
-0.00238015
-0.003570225
-0.00714045
-0.008330525
-0.010710675
-0.010710675
-0.0142809
-0.016661051
-0.020231276
-0.020231276
-0.024991576
-0.024991576
-0.029751876
-0.030941951
-0.034512176
-0.036892326
-0.039272476
-0.040462551
-0.042842701
##
0
0.167
0.334
0.5
0.667
0.834
1
1.167
1.334
1.5
1.667
1.834
2
2.167
2.334
2.5
2.667
2.834
3
3.167
3.334
3.5
3.667
3.834
#
0
0
0
-0.00238015
-0.00238015
-0.00238015
-0.005950375
-0.0047603
-0.005950375
-0.008330525
-0.010710675
-0.0142809
-0.0142809
-0.016661051
-0.019041201
-0.023801501
-0.026181651
-0.028561801
-0.032132026
-0.032132026
-0.036892326
-0.039272476
-0.041652626
-0.044032777
##
0
0.167
0.334
0.5
0.667
0.834
1
1.167
1.334
1.5
1.667
1.834
2
2.167
2.334
2.5
2.667
2.834
3
3.167
3.334
3.5
3.667
3.834
#
-1.19E-03
0
0
-0.003570225
-0.00238015
-0.003570225
-0.003570225
-0.005950375
-0.005950375
-0.0095206
-0.01190075
-0.0142809
-0.016661051
-0.017851126
-0.022611426
-0.023801501
-0.026181651
-0.029751876
-0.032132026
-0.034512176
-0.038082401
-0.039272476
-0.039272476
-0.044032777
##
0
0.167
0.333
0.5
0.667
0.833
1
1.167
1.333
1.5
1.667
1.833
2
2.167
2.333
2.5
2.667
2.833
3
3.167
3.333
3.5
3.667
3.833
#
-2.07E-03
-0.002066268
-0.000876193
-0.003256343
-0.003256343
-0.003256343
-0.004446418
-0.006826568
-0.008016643
-0.008016643
-0.011586868
-0.013967018
-0.016347168
-0.018727318
-0.021107468
-0.023487619
-0.027057844
-0.030628069
-0.033008219
-0.035388369
-0.037768519
-0.037768519
-0.041338744
-0.044908969
##
0
0.167
0.333
0.5
0.667
0.833
1
1.167
1.333
1.5
1.667
1.833
2
2.167
2.333
2.5
2.667
2.833
3
3.167
3.333
3.5
3.667
3.833
#
-0.000875713
-8.76E-04
-0.002065782
-0.000875713
-0.003255852
-0.003255852
-0.005635991
-0.00801613
-0.0092062
-0.010396269
-0.012776408
-0.015156547
-0.015156547
-0.019916826
-0.023487034
-0.024677104
-0.025867173
-0.033007591
-0.031817521
-0.03538773
-0.037767869
-0.038957938
-0.042528147
-0.043718217