0
0.167
0.334
0.5
0.667
0.834
1
1.167
1.334
1.5
1.667
1.834
2
2.167
2.334
2.5
2.667
2.834
3
3.167
3.334
3.5
3.667
3.834
4
#
0
0.00238015
0.005950375
0.017851126
0.030941951
0.049983152
0.071404502
0.096396078
0.13209833
0.168990656
0.204692907
0.252295909
0.30227906
0.358212587
0.414146114
0.476030016
0.540294069
0.611698571
0.686673299
0.762838101
0.841383054
0.923498232
1.006803485
1.093678963
1.179364366
##
0
0.167
0.334
0.5
0.667
0.834
1
1.167
1.334
1.5
1.667
1.834
2
2.167
2.334
2.5
2.667
2.834
3
3.167
3.334
3.5
3.667
3.834
#
-0.00238015
-0.001190075
0.010710675
0.020231276
0.036892326
0.059503752
0.085685403
0.115437279
0.149949455
0.189221932
0.233254708
0.28085771
0.334411086
0.391534688
0.452228516
0.517682643
0.58789707
0.661681723
0.740226675
0.818771628
0.902076881
0.986572209
1.071067537
1.16389339
##
0
0.167
0.334
0.5
0.667
0.834
1
1.167
1.334
1.5
1.667
1.834
2
2.167
2.334
2.5
2.667
2.834
3
3.167
3.334
3.5
3.667
3.834
#
0
0.00238015
0.01190075
0.022611426
0.040462551
0.064264052
0.090445703
0.120197579
0.157089905
0.196362382
0.240395158
0.29037831
0.341551537
0.401055289
0.465319341
0.533153618
0.603368046
0.679532848
0.753317501
0.834242604
0.921118082
1.00561341
1.091298812
1.180554441
##
0
0.167
0.333
0.5
0.667
0.833
1
1.167
1.333
1.5
1.667
1.833
2
2.167
2.333
2.5
2.667
2.833
3
3.167
3.333
3.5
3.667
3.833
#
-1.01E-15
0.00714045
0.015470976
0.027371726
0.047603002
0.069024352
0.098776228
0.128528104
0.165420431
0.207073057
0.253485984
0.29989891
0.354642362
0.412956039
0.478410166
0.545054369
0.616458871
0.690243524
0.771168626
0.852093729
0.937779132
1.018704235
1.109149938
1.199595641
##
0
0.167
0.333
0.5
0.667
0.833
1
1.167
1.333
1.5
1.667
1.833
2
2.167
2.333
2.5
2.667
2.833
3
3.167
3.333
3.5
3.667
3.833
#
0.001189292
0.00832971
0.015470127
0.027370823
0.048792075
0.070213327
0.098774996
0.128526735
0.165418891
0.207071326
0.252293969
0.301086821
0.35583002
0.416523568
0.479597254
0.54386101
0.617645323
0.692619705
0.768784157
0.849708886
0.923493199
1.005607998
1.093673146
1.180548223