0
0.166
0.333
0.5
0.666
0.833
1
1.166
1.333
1.5
1.666
1.833
2
2.166
2.333
2.5
2.666
2.833
3
3.166
3.333
#
0.001186091
0.004744366
0.013047005
0.033210559
0.054560204
0.083026398
0.117423048
0.158936247
0.20400772
0.252637468
0.313128129
0.374804882
0.447156457
0.519508032
0.600162247
0.683188645
0.775703774
0.867032812
0.963106215
1.062737892
1.169486118
##
0
0.167
0.334
0.5
0.667
0.834
1
1.167
1.334
1.5
1.667
1.834
2
2.167
2.334
2.5
2.667
2.834
3
3.167
3.334
#
-0.001186091
0.002372183
0.014233097
0.032024468
0.052188021
0.081840306
0.113864774
0.155377973
0.206379903
0.256195742
0.313128129
0.375990973
0.445970366
0.521880215
0.600162247
0.686746919
0.7721455
0.864660629
0.961920123
1.062737892
1.163555661
##
0
0.167
0.334
0.5
0.667
0.834
1
1.167
1.334
1.5
1.667
1.834
2
2.167
2.334
2.5
2.667
2.834
3
3.167
3.334
#
0
0.001186091
0.013047005
0.032024468
0.054560204
0.079468124
0.115050866
0.154191882
0.198077263
0.251451376
0.308383763
0.370060516
0.442412091
0.518321941
0.597790064
0.684374736
0.774517683
0.867032812
0.964292306
1.063923984
1.171858301
##
0
0.166
0.333
0.5
0.666
0.833
1
1.166
1.333
1.5
1.666
1.833
2
2.166
2.333
2.5
2.666
2.833
3
3.166
3.333
#
-0.002371709
4.74E-07
0.007117026
0.023722311
0.043885873
0.069979893
0.104376557
0.13877322
0.183844711
0.236032752
0.289406885
0.352269753
0.423435264
0.496972958
0.577627204
0.659467541
0.754354889
0.846870053
0.945315676
1.047319575
1.151695658
##
0
0.167
0.334
0.5
0.667
0.834
1
1.167
1.334
1.5
1.667
1.834
2
2.167
2.334
2.5
2.667
2.834
3
3.167
3.334
3.5
#
-0.001185789
0.003558574
0.011861211
0.028466483
0.049816118
0.074724026
0.107934571
0.14826166
0.190960931
0.237218475
0.294150836
0.355827561
0.421062559
0.492228011
0.570510008
0.651164187
0.73774882
0.827891726
0.920406813
1.014107991
1.112553533
1.214557348