0
0.166
0.333
0.5
0.666
0.833
1
1.166
1.333
1.5
1.666
1.833
2
2.166
2.333
2.5
2.666
2.833
3
3.166
3.333
#
0.001186091
0
0
0
-0.002372183
-0.002372183
-0.004744366
-0.00830264
-0.00830264
-0.014233097
-0.017791371
-0.020163554
-0.023721828
-0.026094011
-0.030838376
-0.032024468
-0.035582742
-0.041513199
-0.045071473
-0.047443656
-0.049815839
##
0
0.167
0.334
0.5
0.667
0.834
1
1.167
1.334
1.5
1.667
1.834
2
2.167
2.334
2.5
2.667
2.834
3
3.167
3.334
#
0
0
0
0
-0.001186091
-0.002372183
-0.005930457
-0.00830264
-0.010674823
-0.014233097
-0.014233097
-0.018977462
-0.023721828
-0.026094011
-0.030838376
-0.032024468
-0.037954925
-0.041513199
-0.043885382
-0.046257565
-0.052188021
##
0
0.167
0.334
0.5
0.667
0.834
1
1.167
1.334
1.5
1.667
1.834
2
2.167
2.334
2.5
2.667
2.834
3
3.167
3.334
#
0.00E+00
0
0
-0.003558274
-0.001186091
-0.004744366
-0.004744366
-0.007116548
-0.011860914
-0.011860914
-0.01660528
-0.020163554
-0.023721828
-0.028466194
-0.029652285
-0.033210559
-0.037954925
-0.041513199
-0.046257565
-0.046257565
-0.052188021
##
0
0.166
0.333
0.5
0.666
0.833
1
1.166
1.333
1.5
1.666
1.833
2
2.166
2.333
2.5
2.666
2.833
3
3.166
3.333
#
1.19E-03
-0.001183239
-0.001183239
-0.001183239
-0.001183239
-0.004741514
-0.004741514
-0.00829979
-0.010671973
-0.014230249
-0.016602433
-0.018974616
-0.022532892
-0.027277259
-0.030835535
-0.033207718
-0.037952086
-0.040324269
-0.041510361
-0.047440821
-0.050999096
##
0
0.167
0.334
0.5
0.667
0.834
1
1.167
1.334
1.5
1.667
1.834
2
2.167
2.334
2.5
2.667
2.834
3
3.167
3.334
3.5
#
3.45E-06
-1.18E-03
-0.001182639
3.45E-06
-0.00236873
-0.003554821
-0.003554821
-0.008299185
-0.009485275
-0.013043548
-0.016601821
-0.016601821
-0.023718366
-0.027276638
-0.02964882
-0.030834911
-0.036765365
-0.041509729
-0.04388191
-0.04388191
-0.048626274
-0.052184547