0
0.167
0.333
0.5
0.667
0.833
1
1.167
1.333
1.5
1.667
1.833
2
2.167
2.333
2.5
2.667
2.833
3
3.167
#
0
0.003540113
0.008260263
0.024780788
0.046021463
0.0755224
0.109743488
0.153404875
0.201786413
0.258428213
0.322150238
0.392952489
0.473195039
0.554617627
0.647840589
0.744603665
0.849627002
0.955830378
1.064393828
1.178857466
##
0
0.167
0.333
0.5
0.667
0.833
1
1.167
1.333
1.5
1.667
1.833
2
2.167
2.333
2.5
2.667
2.833
3
3.133
#
0.001180038
0.007080225
0.016520525
0.031861013
0.055461763
0.087322775
0.1227239
0.1699254
0.221847051
0.280848926
0.348111064
0.421273389
0.505056051
0.594738902
0.687961864
0.78944509
0.892108353
1.000671803
1.118675553
1.210718478
##
0
0.166
0.333
0.5
0.666
0.833
1
1.166
1.333
1.5
1.666
1.833
2
2.166
2.333
2.5
2.666
2.833
3
3.133
#
0.002360075
0.00472015
0.0188806
0.0377612
0.062541988
0.09912315
0.135704313
0.178185663
0.234827463
0.291469263
0.359911439
0.435433839
0.515676389
0.602999164
0.693862052
0.792985202
0.896828503
1.003031878
1.115135441
1.207178366
##
0
0.166
0.333
0.5
0.666
0.833
1
1.166
1.333
1.5
1.666
1.833
2
2.166
2.333
2.5
2.666
2.833
3
3.133
#
-0.001180038
0.003540113
0.01416045
0.029500938
0.059001875
0.088502813
0.125083975
0.171105438
0.227747238
0.287929151
0.356371326
0.431893726
0.512136276
0.601819127
0.69504209
0.800065427
0.901548653
1.014832253
1.124575741
1.217798704
##
0
0.167
0.333
0.5
0.667
0.833
1
1.167
1.333
1.5
1.667
1.833
2
2.167
2.333
2.5
2.667
2.833
3
#
0
0.003540113
0.016520525
0.034221088
0.060181913
0.093222963
0.1321642
0.182905813
0.234827463
0.287929151
0.364631589
0.438973951
0.523936652
0.617159614
0.715102727
0.818946027
0.928689515
1.041973116
1.161156903