0
0.167
0.333
0.5
0.667
0.833
1
1.167
1.333
1.5
1.667
1.833
2
2.167
2.333
2.5
2.667
2.833
3
3.167
#
-0.002360075
-0.002360075
-0.002360075
-0.002360075
-0.002360075
-0.00472015
-0.005900188
-0.010620338
-0.01416045
-0.015340488
-0.022420713
-0.02360075
-0.0283209
-0.034221088
-0.0377612
-0.041301313
-0.0472015
-0.055461763
-0.057821838
-0.06136195
##
0
0.167
0.333
0.5
0.667
0.833
1
1.167
1.333
1.5
1.667
1.833
2
2.167
2.333
2.5
2.667
2.833
3
3.133
#
-0.002360075
-0.002360075
-0.002360075
-0.001180038
-0.003540113
-0.005900188
-0.008260263
-0.0094403
-0.016520525
-0.020060638
-0.022420713
-0.027140863
-0.031861013
-0.035401125
-0.040121275
-0.046021463
-0.048381538
-0.057821838
-0.059001875
-0.064902063
##
0
0.166
0.333
0.5
0.666
0.833
1
1.166
1.333
1.5
1.666
1.833
2
2.166
2.333
2.5
2.666
2.833
3
3.133
#
-2.36E-03
-0.002360075
-0.002360075
-0.002360075
-0.008260263
-0.005900188
-0.00472015
-0.012980413
-0.012980413
-0.021240675
-0.024780788
-0.0283209
-0.031861013
-0.0377612
-0.041301313
-0.046021463
-0.05192165
-0.055461763
-0.06136195
-0.0660821
##
0
0.166
0.333
0.5
0.666
0.833
1
1.166
1.333
1.5
1.666
1.833
2
2.166
2.333
2.5
2.666
2.833
3
3.133
#
-2.36E-03
-0.002360075
-0.001180038
-0.003540113
-0.005900188
-0.00472015
-0.010620338
-0.01416045
-0.016520525
-0.020060638
-0.022420713
-0.030680975
-0.034221088
-0.036581163
-0.040121275
-0.0472015
-0.05192165
-0.0566418
-0.06136195
-0.0660821
##
0
0.167
0.333
0.5
0.667
0.833
1
1.167
1.333
1.5
1.667
1.833
2
2.167
2.333
2.5
2.667
2.833
3
#
-0.002360075
-2.36E-03
-0.002360075
-0.00472015
-0.007080225
-0.007080225
-0.008260263
-0.012980413
-0.016520525
-0.0188806
-0.024780788
-0.0283209
-0.031861013
-0.035401125
-0.043661388
-0.046021463
-0.05192165
-0.0566418
-0.063722025