0
0.133
0.267
0.4
0.533
0.667
0.8
0.933
1.067
1.2
1.333
1.467
1.6
1.733
1.867
2
2.133
2.267
2.4
2.533
2.667
#
0
0.003537523
0.007075046
0.024762663
0.043629453
0.06957129
0.101408999
0.137963406
0.183951208
0.233476534
0.290076905
0.351393975
0.426861137
0.498790776
0.580153811
0.663875194
0.760567496
0.858438972
0.962206321
1.065973669
1.176816064
##
0
0.133
0.267
0.4
0.533
0.667
0.8
0.933
1.067
1.2
1.333
1.467
1.6
1.733
1.867
2
2.133
2.267
2.4
2.533
2.633
#
-0.001179174
0.002358349
0.011791744
0.030658535
0.0507045
0.083721383
0.113200744
0.159188546
0.207534697
0.26177672
0.317197917
0.385590033
0.459878021
0.536524358
0.624962439
0.712221345
0.805376124
0.907964298
1.01291082
1.120215692
1.20511625
##
0
0.133
0.267
0.4
0.533
0.667
0.8
0.933
1.067
1.2
1.333
1.467
1.6
1.733
1.867
2
2.133
2.267
2.4
2.533
2.667
#
-0.003537523
-0.002358349
0.005895872
0.016508442
0.043629454
0.067212942
0.100229826
0.139142582
0.181592862
0.235834886
0.291256084
0.356110677
0.424502794
0.498790783
0.587228865
0.668591901
0.765284204
0.860797332
0.96928138
1.073048729
1.179174428
##
0
0.134
0.267
0.4
0.534
0.667
0.8
0.934
1.067
1.2
1.334
1.467
1.6
1.734
1.867
2
2.134
2.267
2.4
2.534
2.667
#
-0.003537613
0.002358257
0.008254126
0.023583388
0.041270997
0.067212824
0.103767216
0.137963261
0.180413523
0.235834699
0.288897526
0.357289615
0.423323356
0.501148837
0.578974318
0.66623319
0.760567106
0.854901022
0.953951634
1.060077289
1.169740466
##
0
0.133
0.266
0.4
0.533
0.666
0.8
0.933
1.066
1.2
1.333
1.466
1.6
1.733
1.866
2
2.133
2.266
2.4
2.533
2.666
#
-0.003537613
0.002358257
0.005895778
0.02122504
0.040091823
0.068391998
0.094333825
0.134425739
0.175696827
0.229938829
0.283001657
0.353752093
0.420965009
0.492894619
0.577795144
0.665054016
0.759387932
0.85725937
0.955130808
1.067152333
1.175636336