0
0.133
0.267
0.4
0.533
0.667
0.8
0.933
1.067
1.2
1.333
1.467
1.6
1.733
1.867
2
2.133
2.267
2.4
2.533
2.667
#
0
-0.001179174
-0.001179174
-0.001179174
-0.001179174
-0.003537523
-0.005895872
-0.007075046
-0.014150093
-0.018866791
-0.017687616
-0.028300186
-0.02947936
-0.035375232
-0.042450279
-0.047166976
-0.0507045
-0.060137895
-0.064854593
-0.073108814
-0.077825511
##
0
0.133
0.267
0.4
0.533
0.667
0.8
0.933
1.067
1.2
1.333
1.467
1.6
1.733
1.867
2
2.133
2.267
2.4
2.533
2.633
#
0.001179174
0.001179174
-0.001179174
-0.001179174
-0.003537523
-0.003537523
-0.007075046
-0.01061257
-0.012970919
-0.018866791
-0.022404314
-0.02947936
-0.035375232
-0.04009193
-0.043629453
-0.048346151
-0.056600372
-0.063675418
-0.066033767
-0.073108814
-0.079004686
##
0
0.133
0.267
0.4
0.533
0.667
0.8
0.933
1.067
1.2
1.333
1.467
1.6
1.733
1.867
2
2.133
2.267
2.4
2.533
2.667
#
-1.18E-03
-0.001177091
2.08E-06
-0.00353544
-0.00353544
-0.007072963
-0.007072963
-0.009431312
-0.012968836
-0.015327184
-0.021223057
-0.025939754
-0.033014801
-0.03537315
-0.041269022
-0.048344068
-0.055419115
-0.058956638
-0.063673336
-0.071927557
-0.077823429
##
0
0.134
0.267
0.4
0.534
0.667
0.8
0.934
1.067
1.2
1.334
1.467
1.6
1.734
1.867
2
2.134
2.267
2.4
2.534
2.667
#
-2.36E-03
-0.002356332
-0.002356332
-0.002356332
-0.004714679
-0.004714679
-0.007073027
-0.008252201
-0.011789723
-0.017685593
-0.021223115
-0.028298158
-0.029477332
-0.035373202
-0.042448246
-0.048344116
-0.051881637
-0.058956681
-0.064852551
-0.071927595
-0.07664429
##
0
0.133
0.266
0.4
0.533
0.666
0.8
0.933
1.066
1.2
1.333
1.466
1.6
1.733
1.866
2
2.133
2.266
2.4
2.533
2.666
#
2.02E-06
2.02E-06
2.02E-06
-0.001177158
-0.002356332
-0.002356332
-0.007073027
-0.008252201
-0.012968897
-0.016506419
-0.016506419
-0.02593981
-0.034194028
-0.034194028
-0.040089898
-0.04362742
-0.054239985
-0.058956681
-0.063673377
-0.071927595
-0.075465116