0
0.1
0.2
0.3
0.4
0.5
0.6
0.7
0.8
0.9
1
1.1
1.2
1.3
1.4
1.5
1.6
1.7
1.8
1.9
2
2.1
2.2
#
0.001165428
0
0
0
-0.00466171
-0.00466171
-0.005827138
-0.008157993
-0.011654275
-0.016315985
-0.020977695
-0.027970261
-0.033797398
-0.037293681
-0.043120818
-0.050113384
-0.058271376
-0.064098514
-0.072256507
-0.080414499
-0.085076209
-0.095565057
-0.104888477
##
0
0.1
0.2
0.3
0.4
0.5
0.6
0.7
0.8
0.9
1
1.1
1.2
1.3
1.4
1.5
1.6
1.7
1.8
1.9
2
2.1
2.167
#
0
0
0.001165428
-0.001165428
-0.001165428
-0.003496283
-0.008157993
-0.010488848
-0.012819703
-0.017481413
-0.024473978
-0.029135688
-0.032631971
-0.038459108
-0.047782529
-0.054775094
-0.061767659
-0.068760224
-0.075752789
-0.085076209
-0.093234202
-0.09906134
-0.107219332
##
0
0.1
0.2
0.3
0.4
0.5
0.6
0.7
0.8
0.9
1
1.1
1.2
1.3
1.4
1.5
1.6
1.7
1.8
1.9
2
2.1
2.2
#
3.50E-03
0.002330855
0
-0.001165428
-0.002330855
-0.006992565
-0.003496283
-0.011654275
-0.012819703
-0.016315985
-0.02330855
-0.029135688
-0.032631971
-0.038459108
-0.044286246
-0.052444239
-0.060602231
-0.066429369
-0.072256507
-0.079249072
-0.090903347
-0.09906134
-0.106053905
##
0
0.1
0.2
0.3
0.4
0.5
0.6
0.7
0.8
0.9
1
1.1
1.2
1.3
1.4
1.5
1.6
1.7
1.8
1.9
2
2.1
2.166
#
0.00E+00
0
0
0
-0.001165428
-0.003496283
-0.006992565
-0.00932342
-0.015150558
-0.01864684
-0.025639406
-0.030301116
-0.036128253
-0.043120818
-0.046617101
-0.053609666
-0.062933086
-0.068760224
-0.078083644
-0.085076209
-0.093234202
-0.100226767
-0.10838476
##
0
0.1
0.2
0.3
0.4
0.5
0.6
0.7
0.8
0.9
1
1.1
1.2
1.3
1.4
1.5
1.6
1.7
1.8
1.9
2
2.1
2.167
#
0.003496283
0.00E+00
0
-0.001165428
-0.002330855
-0.00466171
-0.008157993
-0.008157993
-0.011654275
-0.017481413
-0.025639406
-0.027970261
-0.034962826
-0.040789963
-0.048947956
-0.057105949
-0.062933086
-0.068760224
-0.080414499
-0.086241637
-0.089737919
-0.101392195
-0.10838476