0
0.1
0.2
0.3
0.4
0.5
0.6
0.7
0.8
0.9
1
1.1
1.2
1.3
1.4
1.5
1.6
1.7
1.8
1.9
2
2.1
2.2
#
0
0.001165428
0.00466171
0.019812268
0.037293681
0.052444239
0.081579927
0.109550187
0.143347586
0.186468404
0.227258367
0.282033461
0.335643127
0.392749076
0.459178445
0.536096661
0.610684023
0.69226395
0.778505587
0.870574361
0.964973991
1.062869903
1.161931242
##
0
0.1
0.2
0.3
0.4
0.5
0.6
0.7
0.8
0.9
1
1.1
1.2
1.3
1.4
1.5
1.6
1.7
1.8
1.9
2
2.1
2.167
#
0.001165428
0.002330855
0.015150558
0.025639406
0.044286246
0.066429369
0.09906134
0.130527883
0.168986991
0.209776954
0.259890338
0.314665432
0.372936808
0.440531604
0.510457256
0.581548335
0.661962834
0.745873616
0.830949825
0.926514882
1.025576222
1.119975851
1.19106693
##
0
0.1
0.2
0.3
0.4
0.5
0.6
0.7
0.8
0.9
1
1.1
1.2
1.3
1.4
1.5
1.6
1.7
1.8
1.9
2
2.1
2.2
#
0
0.002330855
0.00932342
0.022143123
0.038459108
0.055940521
0.087407064
0.114211897
0.153836433
0.198122679
0.242408925
0.294853164
0.355455395
0.416057626
0.483652423
0.554743502
0.633992574
0.7155725
0.798317855
0.891552057
0.980124548
1.080351316
1.178247228
##
0
0.1
0.2
0.3
0.4
0.5
0.6
0.7
0.8
0.9
1
1.1
1.2
1.3
1.4
1.5
1.6
1.7
1.8
1.9
2
2.1
2.166
#
0
0.002330855
0.010488848
0.025639406
0.044286246
0.069925651
0.09439963
0.130527883
0.171317846
0.214438665
0.262221193
0.318161714
0.375267663
0.441697032
0.512788111
0.587375473
0.668955399
0.751700754
0.8426041
0.93234202
1.034899642
1.133960982
1.199224923
##
0
0.1
0.2
0.3
0.4
0.5
0.6
0.7
0.8
0.9
1
1.1
1.2
1.3
1.4
1.5
1.6
1.7
1.8
1.9
2
2.1
2.167
#
-0.001165428
0.003496283
0.010488848
0.022143123
0.039624536
0.065263941
0.089737919
0.125866173
0.168986991
0.214438665
0.264552048
0.316996287
0.376433091
0.440531604
0.515118966
0.590871755
0.666624544
0.755197036
0.847265811
0.943996295
1.039561352
1.138622692
1.205052061