0
0.1
0.2
0.3
0.4
0.5
0.6
0.7
0.8
0.9
1
1.1
1.2
1.3
1.4
1.5
1.6
1.7
1.8
#
0
0.005860741
0.015237926
0.029303705
0.052746668
0.083222521
0.124247707
0.165272894
0.216847414
0.275454823
0.343439417
0.417284753
0.50285157
0.595451276
0.686878834
0.785339281
0.903726248
1.01156388
1.135811588
##
0
0.1
0.2
0.3
0.4
0.5
0.6
0.7
0.8
0.9
1
1.1
1.2
1.3
1.4
1.5
1.6
1.7
1.8
#
0
0.005860741
0.017582223
0.032820149
0.057435261
0.091427558
0.127764152
0.174650079
0.23208534
0.293037045
0.358677343
0.43838342
0.522778089
0.610689202
0.710321798
0.809954393
0.925997063
1.043211881
1.1604267
##
0
0.1
0.2
0.3
0.4
0.5
0.6
0.7
0.8
0.9
1
1.1
1.2
1.3
1.4
1.5
1.6
1.7
1.8
#
0.001172148
0.004688593
0.011721482
0.030475853
0.05157452
0.085566817
0.124247707
0.166445042
0.215675265
0.278971267
0.346955862
0.423145493
0.50285157
0.594279128
0.692739575
0.794716467
0.911931285
1.023285362
1.148705218
##
0
0.1
0.2
0.3
0.4
0.5
0.6
0.7
0.8
0.9
1
1.1
1.2
1.3
1.4
1.5
1.6
1.7
1.8
1.9
#
0
0.001172148
0.005860741
0.018754371
0.035164445
0.065640298
0.099632595
0.135969189
0.182855116
0.240290377
0.297725638
0.372743122
0.452449198
0.538016015
0.629443573
0.729076169
0.836913801
0.952956471
1.067826993
1.196763293
##
0
0.1
0.2
0.3
0.4
0.5
0.6
0.7
0.8
0.9
1
1.1
1.2
1.3
1.4
1.5
1.6
1.7
1.8
#
-0.000180574
0.006873112
0.024507329
0.046844003
0.073883135
0.109151568
0.152649302
0.19732265
0.254927757
0.318410937
0.396001489
0.471240813
0.567641196
0.655812279
0.75691512
0.86036919
0.977930633
1.093140847
1.214229134