0
0.1
0.2
0.3
0.4
0.5
0.6
0.7
0.8
0.9
1
1.1
1.2
1.3
1.4
1.5
1.6
1.7
1.8
#
-0.002344296
0.001172148
-0.001172148
-0.004688593
-0.007032889
-0.011721482
-0.016410075
-0.022270815
-0.028131556
-0.035164445
-0.044541631
-0.052746668
-0.06446815
-0.07736178
-0.086738965
-0.098460447
-0.113698374
-0.1289363
-0.139485634
##
0
0.1
0.2
0.3
0.4
0.5
0.6
0.7
0.8
0.9
1
1.1
1.2
1.3
1.4
1.5
1.6
1.7
1.8
#
0.002344296
0.002344296
0
-0.002344296
-0.004688593
-0.008205037
-0.016410075
-0.023442964
-0.02578726
-0.037508742
-0.043369483
-0.052746668
-0.06446815
-0.076189632
-0.09025541
-0.10314904
-0.117214818
-0.130108448
-0.143002078
##
0
0.1
0.2
0.3
0.4
0.5
0.6
0.7
0.8
0.9
1
1.1
1.2
1.3
1.4
1.5
1.6
1.7
1.8
#
0.00E+00
0
0
-0.001172148
-0.005860741
-0.009377185
-0.014065778
-0.018754371
-0.024615112
-0.03868089
-0.045713779
-0.052746668
-0.065640298
-0.076189632
-0.09025541
-0.097288299
-0.119559114
-0.1289363
-0.144174226
##
0
0.1
0.2
0.3
0.4
0.5
0.6
0.7
0.8
0.9
1
1.1
1.2
1.3
1.4
1.5
1.6
1.7
1.8
1.9
#
2.34E-03
0.002344296
0.002344296
-0.002344296
-0.002344296
-0.005860741
-0.009377185
-0.017582223
-0.021098667
-0.026959408
-0.037508742
-0.049230224
-0.058607409
-0.070328891
-0.079706076
-0.09025541
-0.105493336
-0.121903411
-0.131280596
-0.147690671
##
0
0.1
0.2
0.3
0.4
0.5
0.6
0.7
0.8
0.9
1
1.1
1.2
1.3
1.4
1.5
1.6
1.7
1.8
#
-4.07E-05
-4.07E-05
-0.002391925
-0.00356754
-0.010621226
-0.011796841
-0.020026142
-0.025904214
-0.032957901
-0.041187202
-0.049416503
-0.062348261
-0.072928791
-0.087036164
-0.095265465
-0.109372839
-0.122304597
-0.134060742
-0.149343729