0
0.067
0.134
0.2
0.267
0.334
0.4
0.467
0.534
0.6
0.667
0.734
0.8
0.867
0.934
1
1.067
1.134
1.2
1.267
1.334
1.4
1.467
1.534
1.6
#
-0.001161363
0.001161363
-0.001161363
-0.004645453
-0.01045227
-0.009290907
-0.012774997
-0.016259087
-0.020904541
-0.026711358
-0.036002265
-0.037163628
-0.047615898
-0.051099988
-0.065036349
-0.070843166
-0.081295436
-0.088263616
-0.098715887
-0.116136337
-0.119620427
-0.135879514
-0.148654512
-0.161429509
-0.175365869
##
0
0.067
0.133
0.2
0.267
0.333
0.4
0.467
0.533
0.6
0.667
0.733
0.8
0.867
0.933
1
1.067
1.133
1.2
1.267
1.333
1.4
1.467
1.533
1.6
1.667
#
-0.001159547
-0.001159547
-0.004643649
-0.005805016
-0.006966383
-0.006966383
-0.009289118
-0.015095954
-0.017418688
-0.022064157
-0.02903236
-0.032516461
-0.038323297
-0.047614235
-0.052259704
-0.061550641
-0.076648415
-0.082455251
-0.090584821
-0.102198493
-0.11148943
-0.120780368
-0.134716774
-0.142846345
-0.159105485
-0.171880524
##
0
0.067
0.134
0.2
0.267
0.334
0.4
0.467
0.534
0.6
0.667
0.734
0.8
0.867
0.934
1
1.067
1.134
1.2
1.267
1.334
1.4
1.467
1.534
1.6
1.667
#
-2.32E-03
-0.002320914
-0.002320914
-0.003482282
-0.00812775
-0.00812775
-0.009289118
-0.015095954
-0.02090279
-0.024386891
-0.02903236
-0.036000563
-0.039484665
-0.047614235
-0.055743805
-0.067357477
-0.075487047
-0.082455251
-0.094068923
-0.102198493
-0.11148943
-0.123103102
-0.134716774
-0.14865318
-0.164912321
-0.175364626
##
0
0.067
0.133
0.2
0.267
0.333
0.4
0.467
0.533
0.6
0.667
0.733
0.8
0.867
0.933
1
1.067
1.133
1.2
1.267
1.333
1.4
1.467
1.533
1.6
1.667
1.733
#
-1.16E-03
-0.003482282
-0.003482282
-0.003482282
-0.003482282
-0.004643649
-0.006966383
-0.010450485
-0.015095954
-0.018580055
-0.022064157
-0.030193727
-0.033677829
-0.040646032
-0.049936969
-0.053421071
-0.063873376
-0.075487047
-0.082455251
-0.094068923
-0.10335986
-0.116134899
-0.127748571
-0.138200876
-0.146330446
-0.163750954
-0.17768736
##
0
0.067
0.134
0.2
0.267
0.334
0.4
0.467
0.534
0.6
0.667
0.734
0.8
0.867
0.934
1
1.067
1.134
1.2
1.267
1.334
1.4
1.467
1.534
1.6
#
-0.002320914
-2.32E-03
-0.002320914
-0.003482282
-0.005805016
-0.009289118
-0.016257321
-0.02090279
-0.022064157
-0.030193727
-0.032516461
-0.039484665
-0.046452868
-0.053421071
-0.063873376
-0.070841579
-0.078971149
-0.085939352
-0.098714391
-0.113812165
-0.123103102
-0.134716774
-0.150975915
-0.16142822
-0.171880524