0
0.067
0.134
0.2
0.267
0.334
0.4
0.467
0.534
0.6
0.667
0.734
0.8
0.867
0.934
1
1.067
1.134
1.2
1.267
1.334
1.4
1.467
1.534
1.6
#
-0.001161363
0.00348409
0.015097724
0.025549994
0.037163628
0.058068169
0.075488619
0.10336134
0.133556788
0.170720416
0.202077227
0.243886308
0.290340843
0.342602195
0.398347636
0.452931715
0.5168067
0.584165776
0.655008942
0.728174834
0.804824817
0.883797526
0.974383869
1.058002032
1.155556555
##
0
0.067
0.133
0.2
0.267
0.333
0.4
0.467
0.533
0.6
0.667
0.733
0.8
0.867
0.933
1
1.067
1.133
1.2
1.267
1.333
1.4
1.467
1.533
1.6
1.667
#
-0.00232227
0.002323199
0.006968668
0.011614136
0.023227808
0.038325582
0.05574609
0.077812066
0.105684879
0.133557691
0.166075973
0.206723824
0.245048942
0.292664997
0.341442419
0.399510778
0.451772302
0.511002028
0.578361325
0.64688199
0.718886755
0.799021092
0.880316795
0.958128397
1.041746834
1.133494842
##
0
0.067
0.134
0.2
0.267
0.334
0.4
0.467
0.534
0.6
0.667
0.734
0.8
0.867
0.934
1
1.067
1.134
1.2
1.267
1.334
1.4
1.467
1.534
1.6
1.667
#
4.65E-07
0.001161832
0.0058073
0.011614136
0.023227808
0.040648316
0.059230191
0.080134801
0.106846246
0.135880426
0.173044176
0.206723824
0.247371676
0.298471832
0.350733356
0.40299488
0.45641777
0.519131599
0.587652263
0.659657029
0.732823162
0.814118865
0.886123631
0.974387537
1.059167342
1.15091535
##
0
0.067
0.133
0.2
0.267
0.333
0.4
0.467
0.533
0.6
0.667
0.733
0.8
0.867
0.933
1
1.067
1.133
1.2
1.267
1.333
1.4
1.467
1.533
1.6
1.667
1.733
#
-0.001160903
0.001161832
0.003484566
0.006968668
0.013936871
0.027873277
0.039486949
0.056907457
0.080134801
0.110330348
0.139364527
0.176528277
0.216014762
0.257823981
0.30776277
0.355378825
0.406478981
0.468031442
0.533068005
0.598104568
0.667786599
0.745598201
0.821087068
0.895414568
0.983678475
1.074265116
1.160206288
##
0
0.067
0.134
0.2
0.267
0.334
0.4
0.467
0.534
0.6
0.667
0.734
0.8
0.867
0.934
1
1.067
1.134
1.2
1.267
1.334
1.4
1.467
1.534
1.6
#
-0.008129106
-0.001160903
0.006968668
0.017420972
0.036002847
0.054584722
0.075489332
0.105684879
0.127750855
0.164914606
0.202078356
0.242726207
0.291503629
0.342603786
0.391381208
0.449449567
0.513324763
0.577199958
0.645720622
0.722370857
0.796698357
0.872187225
0.956967029
1.045230936
1.132333475